262144000S,0C
15706 1
5447 1
7332 1
6554 1
4212 1
26700 1
17854 1
3298 1
6594 1
17989 1
2333 1
744029 1
18097 1
167439 1
17475 1
7755 1
17704 1
4712 1
10533 1
17201 1
4671 1
17769 1
18045 1
9487 1
6631 1
19130 1
17806 1
17791 1
9500 1
6620 1
17331 1
68190 1
5414 1
1358 1
2617 1
3273 1
18499 1
17971 1
17130 1
17234 1
18509 1
17911 1
17138 1
87059 1
18552 1
18337 1
330666 1
19125 1
17986 1
17811 1
16933 1
18034 1
703520 1
18060 1
17802 1
16729 1
17988 1
3142 1
17227 1
71910 1
17282 1
8355 1
18076 1
17547 1
17207 1
16796 1
17630 1
17032 1
2282 1
18759 1
17409 1
3724 1
17037 1
17993 1
18666 1
16790 1
17280 1
16736 1
18414 1
16848 1
18103 1
17742 1
4769 1
17085 1
1907 1
17668 1
17994 1
16880 1
18107 1
18373 1
18009 1
2229 1
18838 1
16752 1
17356 1
17301 1
16873 1
17018 1
18067 1
17891 1
18284 1
2279 1
17902 1
2741 1
17911 1
11685 1
17234 1
17231 1
16898 1
16907 1
17937 1
9924 1
17309 1
2432 1
2366 1
18127 1
18287 1
18962 1
17834 1
17230 1
17935 1
18034 1
17517 1
19951 1
18062 1
18127 1
18319 1
17831 1
18414 1
18109 1
2249 1
9304 1
17288 1
51402 1
17970 1
18994 1
18729 1
18051 1
12625 1
18203 1
2278 1
18672 1
17856 1
17776 1
3572 1
17968 1
3593 1
18162 1
18180 1
17953 1
18511 1
17703 1
9314 1
18424 1
2984 1
18523 1
17530 1
18416 1
17444 1
19058 1
18163 1
17927 1
3867 1
18657 1
18527 1
18924 1
18711 1
18398 1
18368 1
3698 1
18699 1
18564 1
17878 1
16625 1
18339 1
18095 1
19682 1
18980 1
18644 1
3238 1
18007 1
18744 1
18531 1
19485 1
18399 1
19776 1
1942 1
19937 1
19072 1
13288 1
19611 1
18886 1
18483 1
18840 1
18367 1
19415 1
19903 1
9303 1
18533 1
17776 1
19238 1
17349 1
17738 1
2261 1
18004 1
17064 1
18099 1
18735 1
18637 1
18627 1
17787 1
17919 1
2299 1
