0S,0C
2045 1
2041 1
747 1
-2045 -1
2103 1
2083 1
2088 1
2095 1
2110 1
2115 1
2150 1
2152 1
2152 1
-21089 -10
2162 1
2218 1
-4380 -2
-747 -1
2187 1
2155 1
2177 1
2174 1
2093 1
2163 1
2155 1
2213 1
2189 1
2139 1
2160 1
2185 1
3840 1
4264 1
1922 1
3584 1
1769 1
2669 1
5249 1
2069 1
2367 1
1388 1
8443 1
4880 1
3259 1
4123 1
3453 1
3916 1
-3916 -1
-3453 -1
-4123 -1
-3259 -1
-4880 -1
7691 1
-8443 -1
-1388 -1
-2367 -1
-2069 -1
4588 1
-5249 -1
-2669 -1
1415 1
-1769 -1
-3584 -1
1831 1
-1922 -1
-4264 -1
-3840 -1
27599 1
-2187 -1
-2189 -1
10852 5
-10852 -5
12860 1
10762 5
-10762 -5
4645 1
-4645 -1
1478 1
5259 1
2480 1
11665 1
3652 1
2402 1
11269 1
11199 1
7081 1
1472 1
2610 1
7494 1
7550 1
227765 1
9418 1
16255 1
3625 1
8042 1
3656 1
87073 1
1259 1
1821 1
1821 1
-1821 -1
1259 1
-1259 -1
87073 1
-87073 -1
-3656 -1
-8042 -1
-7494 -1
-7550 -1
-2610 -1
-1472 -1
-2402 -1
-3652 -1
-2480 -1
-5259 -1
-1478 -1
2741 1
2511 1
5022 1
2085 1
2734 1
3755 1
5260 1
2522 1
1498 1
2246 1
3518 1
3550 1
3093 1
1578 1
3685 1
6693 1
1530 1
1469 1
2747 1
2686 1
2492 1
2782 1
2830 1
2320 1
2262 1
2277 1
2298 1
2212 1
2220 1
2224 1
2272 1
2875 1
2807 1
2773 1
2884 1
2806 1
2730 1
