0S,0C
52539823 1279
24476 1
24464 1
24520 1
24488 1
24492 1
24496 1
24500 1
24516 1
24468 1
24524 1
27301 1
27300 1
27460 1
2738 1
25157 1
25891 1
27323 1
39811 1
27476 1
27289 1
27353 1
27327 1
27383 1
27398 1
27353 1
39147 1
27386 1
27288 1
27800 1
27526 1
27533 1
27452 1
27860 1
27431 1
27446 1
27786 1
27353 1
29879 1
27335 1
39084 1
27342 1
27248 1
38077 1
27349 1
3594 1
1577 1
27273 1
27431 1
27302 1
27372 1
27383 1
33606 1
27430 1
27290 1
27303 1
27316 1
27391 1
28860 1
27430 1
27280 1
40098 1
5234 1
27822 1
36981 1
11254 1
27315 1
27786 1
27326 1
27831 1
35925 1
27726 1
3675 1
27866 1
27366 1
27302 1
27461 1
27245 1
27373 1
27260 1
27246 1
26747 1
26683 1
5432 1
27373 1
27400 1
35268 1
27357 1
27284 1
27238 1
2672 1
181453 1
16825 1
26613 1
41911 1
116394 1
43001 1
17777 1
3100 1
28343 1
12637 1
15587 1
3186 1
1448 1
2739 1
128472 1
2678 1
263698 1
28139 1
8828 1
2844 1
43841 1
2429 1
42988 1
129663 1
2451 1
7520 1
27627 1
2753 1
2739 1
2238 1
2354 1
12547 1
2338 1
978 1
2198 1
2195 1
2224 1
2247 1
2252 1
44510 1
15898 1
41569 1
35473 1
9217 1
103947 1
52863 1
3927 1
33388 1
1093 1
12964 1
53902 1
45000 1
76844 1
125410 1
19800 1
12376 1
96807 1
1120 1
1127 1
187931 1
30062 1
37742 1
35799 1
7638 1
2095 1
65029 1
4854 1
27351 1
42042 1
73596 1
4388 1
5305 1
21712 1
9747 1
35686 1
211662 1
33148 1
4605 1
46976 1
45743 1
34440 1
5097 1
37957 1
4508 1
41181 1
187061 1
3798 1
10046 1
2639 1
11309 1
16779 1
42614 1
43572 1
4749 1
3510 1
48020 1
4342 1
11954 1
3696 1
43554 1
5145 1
8250 1
11204 1
125423 1
186977 1
44569 1
52606 1
105629 1
16105 1
6431 1
117547 1
2622 1
104400 1
15707 1
9057 1
2966 1
12095 1
16113 1
4886 1
41876 1
3718 1
4928 1
9252 1
3483 1
3218 1
118144 1
3938 1
140976 1
41836 1
3557 1
140903 1
65405 1
4153 1
3939 1
3699 1
7825 1
117235 1
3680 1
3902 1
148443 1
41991 1
5620 1
125460 1
8512 1
8475 1
2786 1
2749 1
9357 1
9477 1
6182 1
4638 1
10676 1
945 1
9744 1
148416 1
3787 1
6908 1
915 1
6709 1
23102 1
3788 1
7343 1
29864 1
11314 1
86684 1
7560 1
10357 1
59427 1
15476 1
35742 1
34160 1
16520 1
22293 1
77069 1
13391 1
4026 1
3243 1
18032 1
59935 1
13046 1
51859 1
4975 1
5611 1
10591 1
58973 1
15442 1
8165 1
5308 1
23071 1
6253 1
8095 1
7440 1
7599 1
14917 1
18370 1
22753 1
